51.56592803031267,-0.1568420533522885
51.56844422590535,-0.1605436259865256
51.56760585850211,-0.1628472621488619
51.56605860437885,-0.1654304576428822
51.56533792133873,-0.1694425682972678
51.5652668616247,-0.1732243538888012
51.56477531361069,-0.1747794558071991
51.56460100645187,-0.1774986647071275
51.56589891562839,-0.1771281079097609
51.5670796453403,-0.1781179115096831
51.56859779686342,-0.1778099978720959
51.56825099712005,-0.1796321812405099
51.56716210227259,-0.179375085663922
51.56526540823211,-0.180660000180618
51.56726848336064,-0.1843400380602556
51.56530479971767,-0.1887984314951319
51.56291962508745,-0.1900742812649747
51.56246763929614,-0.1843271518584699
51.56213982567319,-0.1799590658229921
51.56190386037225,-0.178025729977056
51.56190938346395,-0.1739246258616101
51.56261100146557,-0.1700792460955802
51.56325742345818,-0.1637154912630756
51.56585198064656,-0.1568042424613503
