51.56592803031267,-0.1568420533522885
51.56527924999931,-0.1622386235267503
51.56605155116627,-0.16547457146175
51.56503132705765,-0.1668651379689423
51.5653319684927,-0.169437079602619
51.56589423570956,-0.1771294151587099
51.56703872919282,-0.1781213624606381
51.56851953334194,-0.1763922677230279
51.57014529982572,-0.1775960881445449
51.56947018642256,-0.1802950162566841
51.56525393240878,-0.1805881340147297
51.56639766907471,-0.186668713324194
51.56529473128722,-0.1886681283424141
51.56418064615126,-0.1846065516100448
51.56290181276844,-0.1846253794400299
51.56211019926986,-0.1801354983355319
51.56191533338573,-0.1780380783575242
51.56192376791624,-0.1739209045137102
51.56427982412422,-0.1729973269292895
51.56330846073445,-0.1701541234343495
51.56326442314363,-0.1637149906891033
51.56586112318824,-0.1568117698666094
