51.5702200368028,-0.1457754834161928
51.5670702493142,-0.1463561591055551
51.56128920460524,-0.1505841906997785
51.55957923302921,-0.1524167225765827
51.55866799580223,-0.1537825534539505
51.55668576288285,-0.1591890109129934
51.55896616695449,-0.1615259572523065
51.55965263757095,-0.1657588511219721
51.55727603882535,-0.1668670262212468
51.56054916158932,-0.1717209646298379
51.56183551841687,-0.1739314755993071
51.561852773585,-0.178076188058689
51.56212152932346,-0.1806461090461653
51.56422466667662,-0.184434777907293
51.56631414295274,-0.184917550389444
51.5653511233367,-0.1809211272559708
51.56988060351967,-0.1795689001959855
51.57404503976062,-0.185082909229155
51.57733113492675,-0.1871443089290326
51.57840227580714,-0.1842300158087562
51.57432692856298,-0.1831072237093312
51.57024138696855,-0.1780129853308576
51.56905609746129,-0.1748516010376988
51.56609962527252,-0.1755127951342228
51.56663720100941,-0.1719830715178117
51.57006636135192,-0.1697727247787617
51.57060595016149,-0.1618372431968174
51.5688849162288,-0.1584207388497461
51.56601017712244,-0.1567445489724184
